  2011          20     0.00055  0.00055  0.50   99179      54   99152  6178437  62.30
  2011          21     0.00047  0.00047  0.50   99125      47   99102  6079285  61.33
  2011          22     0.00050  0.00050  0.50   99078      49   99054  5980183  60.36
  2011          23     0.00057  0.00057  0.50   99029      57   99000  5881129  59.39
  2011          24     0.00055  0.00055  0.50   98972      54   98945  5782129  58.42
  2011          25     0.00053  0.00053  0.50   98918      52   98892  5683184  57.45
  2011          26     0.00048  0.00048  0.50   98866      48   98842  5584292  56.48
  2011          27     0.00056  0.00056  0.50   98818      55   98790  5485451  55.51
  2011          28     0.00046  0.00046  0.50   98763      46   98740  5386660  54.54
  2011          29     0.00056  0.00056  0.50   98717      56   98689  5287921  53.57
  2011          30     0.00054  0.00054  0.50   98661      53   98635  5189232  52.60
  2011          31     0.00057  0.00057  0.50   98608      56   98580  5090597  51.62
  2011          32     0.00061  0.00061  0.50   98552      60   98522  4992017  50.65
  2011          33     0.00064  0.00064  0.50   98492      63   98460  4893495  49.68
  2011          34     0.00071  0.00071  0.50   98429      70   98394  4795034  48.72
  2011          35     0.00072  0.00071  0.50   98359      70   98324  4696640  47.75
  2011          36     0.00071  0.00071  0.50   98289      70   98253  4598317  46.78
  2011          37     0.00071  0.00071  0.50   98218      70   98183  4500063  45.82
  2011          38     0.00085  0.00085  0.50   98148      84   98107  4401880  44.85
  2011          39     0.00089  0.00089  0.50   98065      87   98021  4303773  43.89
  2011          40     0.00104  0.00104  0.50   97978     102   97927  4205752  42.93
  2011          41     0.00105  0.00105  0.50   97875     103   97824  4107826  41.97
  2011          42     0.00116  0.00116  0.50   97773     114   97716  4010002  41.01
  2011          43     0.00130  0.00130  0.50   97659     127   97595  3912286  40.06
  2011          44     0.00149  0.00149  0.50   97532     145   97459  3814690  39.11
  2011          45     0.00151  0.00151  0.50   97387     147   97313  3717231  38.17
  2011          46     0.00169  0.00169  0.50   97240     164   97157  3619918  37.23
  2011          47     0.00197  0.00197  0.50   97075     191   96980  3522760  36.29
  2011          48     0.00208  0.00208  0.50   96884     202   96783  3425780  35.36
  2011          49     0.00227  0.00227  0.50   96682     219   96573  3328997  34.43
  2011          50     0.00250  0.00250  0.50   96463     241   96343  3232424  33.51
  2011          51     0.00276  0.00276  0.50   96222     265   96089  3136082  32.59
  2011          52     0.00303  0.00303  0.50   95957     290   95811  3039992  31.68
  2011          53     0.00339  0.00339  0.50   95666     324   95504  2944181  30.78
  2011          54     0.00377  0.00376  0.50   95342     359   95163  2848677  29.88
  2011          55     0.00391  0.00390  0.50   94984     371   94798  2753514  28.99
  2011          56     0.00448  0.00447  0.50   94613     423   94402  2658715  28.10
  2011          57     0.00491  0.00489  0.50   94191     461   93960  2564314  27.22
  2011          58     0.00530  0.00528  0.50   93729     495   93482  2470354  26.36
  2011          59     0.00572  0.00571  0.50   93234     532   92968  2376872  25.49
  2011          60     0.00624  0.00622  0.50   92702     577   92414  2283904  24.64
  2011          61     0.00699  0.00697  0.50   92125     642   91804  2191490  23.79
  2011          62     0.00701  0.00698  0.50   91483     639   91164  2099685  22.95
  2011          63     0.00807  0.00804  0.50   90845     730   90480  2008521  22.11
  2011          64     0.00921  0.00917  0.50   90114     826   89701  1918042  21.28
  2011          65     0.00970  0.00965  0.50   89288     862   88857  1828340  20.48
  2011          66     0.01079  0.01074  0.50   88426     949   87952  1739483  19.67
  2011          67     0.01179  0.01172  0.50   87477    1025   86964  1651532  18.88
  2011          68     0.01298  0.01289  0.50   86452    1115   85894  1564567  18.10
  2011          69     0.01408  0.01398  0.50   85337    1193   84740  1478673  17.33
  2011          70     0.01583  0.01571  0.50   84144    1322   83483  1393933  16.57
  2011          71     0.01712  0.01698  0.50   82822    1406   82119  1310450  15.82
  2011          72     0.01885  0.01867  0.50   81416    1520   80655  1228332  15.09
  2011          73     0.02073  0.02052  0.50   79895    1639   79076  1147676  14.36
  2011          74     0.02304  0.02278  0.50   78256    1783   77365  1068601  13.66
  2011          75     0.02499  0.02468  0.50   76473    1887   75530   991236  12.96
  2011          76     0.02792  0.02753  0.50   74586    2054   73559   915706  12.28
  2011          77     0.03124  0.03076  0.50   72533    2231   71417   842147  11.61
  2011          78     0.03468  0.03409  0.50   70302    2397   69103   770730  10.96
  2011          79     0.03937  0.03861  0.50   67905    2622   66594   701626  10.33
  2011          80     0.04327  0.04235  0.50   65283    2765   63901   635032   9.73
  2011          81     0.04834  0.04720  0.50   62519    2951   61043   571131   9.14
  2011          82     0.05486  0.05340  0.50   59568    3181   57978   510088   8.56
  2011          83     0.06023  0.05847  0.50   56387    3297   54739   452110   8.02
  2011          84     0.06791  0.06568  0.50   53091    3487   51347   397371   7.48
  2011          85     0.07761  0.07471  0.50   49603    3706   47750   346024   6.98
  2011          86     0.08542  0.08192  0.50   45897    3760   44017   298274   6.50
  2011          87     0.09684  0.09237  0.50   42137    3892   40191   254256   6.03
  2011          88     0.11050  0.10471  0.50   38245    4005   36243   214065   5.60
  2011          89     0.12400  0.11676  0.50   34240    3998   32241   177822   5.19
  2011          90     0.13979  0.13066  0.50   30242    3951   28267   145581   4.81
  2011          91     0.16523  0.15262  0.50   26291    4013   24285   117314   4.46
  2011          92     0.17132  0.15780  0.50   22279    3516   20521    93029   4.18
  2011          93     0.19242  0.17554  0.50   18763    3294   17116    72509   3.86
  2011          94     0.21489  0.19404  0.50   15469    3002   13968    55393   3.58
  2011          95     0.23721  0.21206  0.50   12468    2644   11146    41424   3.32
  2011          96     0.26250  0.23204  0.50    9824    2280    8684    30279   3.08
  2011          97     0.28952  0.25291  0.50    7544    1908    6590    21595   2.86
  2011          98     0.31819  0.27452  0.50    5636    1547    4863    15004   2.66
  2011          99     0.34837  0.29669  0.50    4089    1213    3482    10142   2.48
  2011         100     0.37989  0.31925  0.50    2876     918    2417     6659   2.32
  2011         101     0.41252  0.34198  0.50    1958     669    1623     4243   2.17
  2011         102     0.44600  0.36468  0.50    1288     470    1053     2620   2.03
  2011         103     0.48005  0.38713  0.50     818     317     660     1566   1.91
  2011         104     0.51434  0.40913  0.50     502     205     399      906   1.81
  2011         105     0.54856  0.43049  0.50     296     128     233      507   1.71
  2011         106     0.58238  0.45104  0.50     169      76     131      275   1.63
  2011         107     0.61550  0.47066  0.50      93      44      71      144   1.55
  2011         108     0.64762  0.48921  0.50      49      24      37       73   1.49
  2011         109     0.67851  0.50663  0.50      25      13      19       36   1.44